Small input test--------------------
A matrix from small input file:--------
1	2	2	
1	2	1	
2	1	2	

B matrix from small input file:--------
2	2	1	
1	1	2	
2	2	2	

the end
Big input test--------------------
A matrix from small input file:--------
0	5	-3	3	-3	3	4	4	3	4	1	-2	2	-5	5	3	5	-5	-1	1	4	3	
-5	-4	4	5	2	4	1	-3	0	-2	2	1	5	-2	2	1	5	-1	1	4	4	2	
1	2	0	-2	-2	2	-1	-5	5	5	1	-5	-3	3	1	2	3	0	-1	1	-3	3	
-5	3	-4	4	5	2	-5	-1	1	4	-5	-4	4	-3	-1	1	0	4	-2	-3	3	5	
-5	-4	4	5	0	-1	-4	4	-3	2	-4	4	-4	-3	3	1	2	5	5	3	-2	5	
5	-5	5	-5	2	-2	2	-4	-3	3	-3	3	4	-1	1	3	-4	4	-4	4	-5	4	
5	2	3	4	-1	1	4	3	4	-1	5	2	0	-3	3	-1	-5	5	1	-2	0	-1	
1	-1	-5	5	2	-3	-4	4	-1	0	-1	1	1	-4	2	1	-5	5	-2	-1	1	-5	
0	0	-3	3	-4	-1	1	-5	4	1	-4	4	2	-4	0	3	-5	5	4	-2	3	-4	
4	0	-2	1	-3	3	1	1	2	1	4	3	2	-4	3	1	2	3	-2	2	0	-5	
2	1	5	3	-5	5	-4	0	-2	2	1	3	-1	-5	5	-5	-2	2	5	4	2	1	
-3	2	1	0	-3	3	-1	-4	4	-5	-2	2	5	3	3	4	3	2	-1	4	4	5	
-1	1	-2	-3	3	-1	-1	1	1	-2	-5	5	3	-3	-3	3	2	-5	-1	1	5	2	
1	-1	-3	3	2	0	0	5	0	4	0	2	1	3	-3	-2	2	3	2	0	-1	5	
3	-4	4	4	2	0	1	-4	-3	3	4	-2	-5	5	5	-1	-4	4	-3	1	1	-5	
5	-3	-1	1	-1	5	-3	3	-5	-2	2	3	3	-4	0	1	4	-2	2	-1	-4	4	
-3	-5	5	1	1	1	-5	1	4	4	4	1	4	-2	2	-5	-4	4	4	1	-4	2	
2	4	-1	1	-4	4	1	1	-2	2	1	3	-1	4	-5	5	-2	0	5	5	-4	4	
-2	-1	1	2	-5	3	3	5	-1	1	1	-2	-5	5	-2	3	5	-1	1	1	3	2	
0	3	2	-5	-1	1	-1	-1	1	-5	1	2	-2	2	3	-3	5	-3	3	-3	-3	3	
-5	-1	1	-3	1	4	-4	4	5	0	1	-4	4	-1	1	-1	-1	1	-5	2	5	-3	
3	-2	2	-4	4	-3	3	-2	2	2	2	5	3	-2	5	3	3	1	2	1	-2	2	

B matrix from small input file:--------
-1	-2	2	-3	3	-1	1	1	-5	4	0	-4	4	1	-2	-4	4	-2	-4	4	4	-5	
-1	1	1	-2	4	-4	4	-3	0	4	2	0	0	4	3	2	5	-1	1	0	3	-4	
3	1	-1	1	4	-1	-3	3	-3	2	1	2	-1	1	0	3	-1	1	4	2	2	-1	
1	2	4	-2	-5	5	-3	5	0	-3	3	3	3	-2	-3	3	3	4	-1	0	0	0	
1	3	5	5	-5	5	0	2	-3	1	3	0	0	-4	4	-3	-5	5	5	-5	-1	1	
2	0	4	-3	-1	1	-5	3	-2	2	2	3	2	-1	4	2	4	3	-3	3	2	5	
-3	2	0	-1	1	0	5	2	1	4	-1	3	5	0	-2	2	5	-3	-2	2	-5	4	
-4	4	3	3	-5	-4	4	0	4	-1	4	-3	3	1	2	0	1	0	-1	2	-2	2	
4	-3	-3	3	4	-1	0	4	-4	4	3	2	-1	2	3	-1	1	-4	4	5	-3	3	
-1	0	-2	2	-5	4	5	-1	1	4	2	-1	1	-4	4	-5	3	-5	5	-3	-2	2	
-2	5	2	5	1	3	1	0	3	5	5	3	4	0	1	-4	4	0	-5	5	-4	4	
4	-5	-4	4	3	5	4	-1	-4	4	5	-5	-5	5	-2	-2	2	4	-4	-3	3	5	
3	2	5	2	-5	2	-3	3	-3	-1	1	-3	-1	1	-4	-3	3	3	0	-5	4	2	
-1	1	1	-5	-3	3	1	2	2	-3	2	-2	2	2	3	4	5	-2	-3	3	0	1	
-4	0	-1	1	-4	-1	1	0	-1	-4	4	3	5	3	-5	-5	5	0	4	5	-5	4	
-2	2	0	-2	1	0	0	5	4	1	-3	3	-1	-5	5	1	-1	3	-2	2	4	1	
5	1	0	-5	-4	4	-3	4	2	-3	3	3	5	-3	-4	4	-2	-5	5	-1	-1	1	
4	1	0	3	4	-3	-3	3	-4	-5	5	-2	4	-1	1	4	-3	-1	1	-1	-4	4	
2	4	3	5	-1	4	-4	4	-3	3	4	-3	3	-3	1	1	2	3	-1	1	-3	-5	
5	2	-4	-3	3	1	3	-4	0	-3	3	5	-1	0	5	0	-4	4	4	2	4	-3	
-5	5	-2	0	-2	2	-2	-4	4	-5	0	-5	5	-3	-2	2	-3	4	5	-5	5	-2	
5	-2	2	2	3	0	4	3	3	4	-3	-5	5	2	-3	2	-3	3	5	-2	-2	2	

Tiny matrix result:--------------------
3	6	
7	14	
Medium matrix result:--------------------
8	8	9	
6	6	7	
9	9	8	
Big matrix result:--------------------
-50	46	13	-35	-71	0	59	13	84	37	20	53	111	-17	-35	-25	84	-23	78	29	-6	37	
87	63	27	4	-64	112	-98	74	4	-57	49	72	46	-52	-54	40	-42	110	83	-39	24	63	
41	-36	-32	-64	45	-9	15	37	12	50	-18	70	34	-16	63	7	27	-104	62	78	-39	5	
40	12	66	29	-87	11	-48	34	14	-61	-21	-42	12	-69	16	24	-84	51	135	-148	12	22	
97	1	-18	66	-24	36	-21	56	-4	-66	68	-13	19	-32	-15	55	-97	81	92	-36	-53	27	
77	-75	-37	22	85	-16	55	15	-85	39	-50	-27	-56	20	-3	-66	-53	22	22	-29	37	34	
-27	20	28	85	66	-40	13	45	-76	72	91	-3	70	49	-19	-34	105	5	-62	93	-58	52	
-63	14	18	60	-57	-27	-11	-32	-25	-88	37	-32	-28	-19	-4	-61	-23	48	-34	-42	5	4	
6	-38	-50	44	56	2	-47	16	-83	-6	2	-38	-48	-13	-17	-6	24	25	-35	-35	23	-4	
-3	1	-19	0	11	-2	-6	1	-43	5	81	47	28	10	-15	-59	71	-25	-51	60	6	60	
47	0	-19	39	40	4	-45	-28	-71	3	90	-11	40	37	-38	-19	41	66	26	36	17	-23	
97	-10	-26	-55	53	8	-49	52	-1	-61	12	12	22	39	-28	80	-16	67	67	2	69	45	
23	-22	-24	4	-7	25	26	-34	19	9	-48	-68	-69	-4	-10	-5	-84	74	54	-113	114	-25	
52	15	54	38	-62	56	41	51	9	16	63	-80	65	-15	10	16	6	1	11	-43	-43	39	
-72	31	-19	-23	-19	35	-19	-9	-23	-62	46	67	52	-28	19	-26	43	-14	-23	73	-43	24	
54	-15	84	2	-34	34	-37	58	-15	44	11	-32	31	-1	-65	-32	19	57	-75	5	31	18	
101	-2	20	159	-9	35	-48	51	-94	31	101	-13	-19	16	12	-68	-7	34	47	9	-84	69	
57	3	19	-41	73	20	57	35	16	99	16	-14	0	9	102	50	69	39	-96	53	50	-25	
-30	59	-6	-86	-31	12	10	37	123	-27	6	31	99	-41	30	113	24	-35	-9	63	-19	19	
41	-43	0	-7	49	-16	-7	17	-19	52	14	-9	14	78	-50	23	34	-38	-4	56	-38	-3	
-17	45	-9	24	-46	-47	-50	-37	23	-81	27	34	-19	-10	56	-15	-51	12	82	-9	25	56	
53	-15	-20	79	17	54	44	54	-64	71	55	-6	23	4	-34	-85	7	0	49	4	-38	60	
Total mult time in seconds: 0
Medium matrix result with padding:--------------------
8	8	9	0	
6	6	7	0	
9	9	8	0	
0	0	0	0	
